px	py	v	yaw_angle	yaw_rate	px_measured	py_measured	px_true	py_true	vx_true	vy_true	NIS
0.312243	0.58034	1	3.14159	0	0.312243	0.58034	0.6	0.6	5.19994	0	0
0.732829	0.669408	-2.00909	-2.66335	-0.0809189	0.862916	0.534212	0.859997	0.600045	5.19975	0.00179686	67.6242
0.877697	0.654636	-1.86244	-3.14564	-0.0841591	1.17385	0.481073	1.11998	0.600225	5.19943	0.00538996	6.81756
1.05995	0.502264	-3.71084	-2.40847	-0.0435302	0.969149	0.397513	1.37996	0.600629	5.19898	0.0107781	24.4342
1.34997	0.639829	-4.00019	-2.7588	-0.0626296	1.65063	0.62469	1.6399	0.601347	5.19839	0.0179597	6.14798
1.71743	0.574788	-4.98308	3.00108	-0.107245	1.62331	0.499091	1.89982	0.60247	5.19766	0.0269323	9.65478
2.0166	0.565201	-5.0621	2.98573	-0.0916679	2.18882	0.648739	2.1597	0.604086	5.19678	0.0376932	2.14934
2.24273	0.605457	-5.09949	3.1144	0.0170376	1.96701	0.557117	2.41954	0.606284	5.19573	0.0502389	2.26
2.52937	0.610522	-5.1478	3.11484	0.0344059	2.65526	0.66598	2.67932	0.609155	5.1945	0.0645654	1.05532
2.80224	0.614617	-5.20621	3.12921	0.0743568	2.92034	0.645898	2.93904	0.612786	5.19309	0.080668	0.509242
3.05173	0.6179	-5.1905	3.1409	0.0845375	3.01222	0.637046	3.19869	0.617267	5.19147	0.0985415	0.10812
3.34003	0.548803	-5.25455	3.07748	-0.0462233	3.56096	0.485311	3.45825	0.622685	5.18963	0.11818	2.05747
3.6554	0.473954	-5.33902	3.01522	-0.161856	3.89365	0.311793	3.71772	0.62913	5.18754	0.139576	4.68209
3.93655	0.531225	-5.36283	3.09826	0.0633657	4.19786	0.698311	3.97708	0.636689	5.18519	0.162724	3.27899
4.22051	0.535432	-5.3813	3.11466	0.0982549	4.30935	0.578564	4.23632	0.645449	5.18256	0.187614	0.531113
4.4803	0.576164	-5.34582	-3.12456	0.181764	4.61908	0.68951	4.49542	0.655498	5.17962	0.214238	1.32194
4.67933	0.686239	-5.24659	-3.02587	0.358858	4.35143	0.899174	4.75437	0.666921	5.17634	0.242587	8.75977
4.93294	0.69618	-5.2111	-3.02463	0.331307	5.20901	0.66599	5.01315	0.679804	5.1727	0.272649	2.67655
5.243	0.696771	-5.27411	-3.0351	0.284033	5.51894	0.648233	5.27175	0.694234	5.16867	0.304413	4.2016
5.50183	0.708851	-5.2834	-3.03429	0.25814	5.22834	0.639362	5.53013	0.710295	5.16422	0.337868	1.24151
5.80327	0.723451	-5.32825	-3.0343	0.237317	6.022	0.708619	5.78828	0.728072	5.15932	0.372999	2.53387
6.05115	0.661689	-5.27913	-3.08397	0.137317	5.89392	0.373584	6.04618	0.747647	5.15393	0.409793	5.35121
6.31293	0.770874	-5.28168	-3.01572	0.234724	6.34249	0.948833	6.30379	0.769103	5.14803	0.448233	2.18197
6.56475	0.812212	-5.25538	-2.99859	0.244161	6.62134	0.836138	6.5611	0.792523	5.14157	0.488305	0.738929
6.82088	0.804895	-5.24862	-3.01438	0.202969	6.78214	0.714036	6.81808	0.817988	5.13452	0.52999	0.625558
7.06933	0.799534	-5.19686	-3.02592	0.174071	7.29121	0.630741	7.07469	0.845578	5.12685	0.573269	4.88909
7.29681	0.877901	-5.16962	-2.98853	0.213763	7.13735	0.957217	7.3309	0.875373	5.11851	0.618123	1.78861
7.5846	0.894319	-5.2196	-2.99414	0.190479	8.08349	0.819605	7.58668	0.907449	5.10946	0.664531	4.02699
7.84203	0.862865	-5.21122	-3.02283	0.1402	7.80533	0.719126	7.84199	0.941886	5.09966	0.712469	1.43134
8.09506	0.889291	-5.17776	-3.0178	0.138341	8.40453	0.884557	8.0968	0.978759	5.08907	0.761915	3.16465
8.33894	0.897472	-5.1618	-3.0228	0.123262	8.24796	0.840322	8.35106	1.01814	5.07766	0.812843	0.625872
8.60022	0.991912	-5.20081	-2.98541	0.162037	8.45858	1.41118	8.60472	1.06011	5.06537	0.865226	5.13794
8.84092	1.04102	-5.18567	-2.97253	0.168102	8.74615	1.04858	8.85775	1.10473	5.05216	0.919037	0.469917
9.12607	1.08427	-5.21995	-2.96691	0.164202	9.8809	1.1419	9.1101	1.15208	5.03798	0.974245	6.63908
9.36726	1.1074	-5.20071	-2.96887	0.151864	9.25579	1.04913	9.36172	1.20223	5.0228	1.03082	0.838775
9.64152	1.18377	-5.23185	-2.94816	0.167396	10.1016	1.52474	9.61255	1.25524	5.00656	1.08873	3.99662
9.91234	1.29925	-5.2579	-2.91055	0.202901	10.0484	1.44598	9.86254	1.31118	4.98922	1.14794	2.28723
10.1628	1.39391	-5.2347	-2.88238	0.22761	10.5377	1.72555	10.1117	1.37011	4.97074	1.20841	4.56642
10.3925	1.46646	-5.21239	-2.86722	0.232584	10.2492	1.45907	10.3598	1.4321	4.95106	1.2701	1.05651
10.6286	1.55816	-5.16835	-2.84154	0.254706	10.9084	1.70343	10.6069	1.49721	4.93014	1.33298	4.58685
10.8614	1.58224	-5.14157	-2.85208	0.226823	10.7313	1.45265	10.853	1.56549	4.90794	1.39701	1.88515
11.1244	1.63665	-5.15721	-2.85215	0.212104	11.4783	1.42876	11.0979	1.637	4.8844	1.46213	1.83643
11.4042	1.67242	-5.18032	-2.86276	0.185718	11.587	1.61462	11.3416	1.71179	4.85948	1.52832	2.00545
11.6383	1.7347	-5.14859	-2.85508	0.185902	11.4763	1.53917	11.584	1.78992	4.83313	1.59551	1.30745
11.8724	1.79258	-5.13153	-2.85164	0.179009	11.7788	1.74591	11.8251	1.87144	4.80531	1.66366	0.569923
12.1242	1.88237	-5.15484	-2.83771	0.183341	12.136	2.14937	12.0647	1.95639	4.77598	1.73273	0.997306
12.3702	1.90542	-5.13824	-2.8535	0.153043	12.3226	1.78353	12.3029	2.04482	4.74508	1.80265	1.05778
12.6234	1.96568	-5.15497	-2.85429	0.140816	12.5457	1.77728	12.5394	2.13677	4.71257	1.87338	0.901167
12.8256	2.09531	-5.12846	-2.81684	0.178266	12.5924	2.17509	12.7743	2.23227	4.67842	1.94485	3.35712
13.0861	2.19812	-5.17593	-2.80404	0.17893	13.2198	2.6644	13.0075	2.33137	4.64258	2.01701	3.33902
13.2902	2.33556	-5.15402	-2.76737	0.213	13.0875	2.40708	13.2388	2.43409	4.605	2.08981	2.5698
13.4764	2.48437	-5.09281	-2.72103	0.263194	12.7087	3.12439	13.4682	2.54047	4.56565	2.16317	11.1638
13.7243	2.59481	-5.11109	-2.70793	0.262758	13.836	2.62479	13.6955	2.65053	4.52448	2.23703	0.682934
13.945	2.70945	-5.09647	-2.68918	0.27163	13.8302	2.73893	13.9208	2.7643	4.48147	2.31134	0.319981
14.1721	2.85871	-5.1111	-2.65954	0.290646	14.2106	2.94205	14.1439	2.88179	4.43656	2.38601	0.507957
14.4186	2.96301	-5.14258	-2.6598	0.266778	14.5568	2.87021	14.3646	3.00303	4.38974	2.46099	1.39503
14.6283	3.03793	-5.10487	-2.66309	0.247878	14.4616	2.90734	14.583	3.12802	4.34097	2.5362	2.38368
14.8565	3.18472	-5.13509	-2.64244	0.253241	14.6754	3.96041	14.7989	3.25679	4.29021	2.61157	3.84767
15.0609	3.37463	-5.14929	-2.59842	0.290391	15.0261	3.5067	15.0122	3.38932	4.23744	2.68703	1.24559
15.2725	3.53867	-5.14797	-2.56724	0.313779	15.3685	4.14761	15.2228	3.52563	4.18263	2.76249	2.52333
15.4832	3.72424	-5.16852	-2.53258	0.335734	15.5236	3.82936	15.4306	3.66572	4.12575	2.83789	0.763011
15.6961	3.8571	-5.16106	-2.52299	0.327469	15.7234	3.4105	15.6355	3.80957	4.06678	2.91315	0.926255
15.9165	4.00121	-5.1674	-2.51194	0.320931	15.9774	4.00094	15.8375	3.95719	4.00571	2.98817	0.197092
16.1135	4.16717	-5.14882	-2.48272	0.344533	16.3376	4.21632	16.0363	4.10854	3.94251	3.0629	1.81036
16.3097	4.36086	-5.16587	-2.45085	0.361197	16.3313	4.44499	16.2319	4.26363	3.87716	3.13723	0.458941
16.5195	4.52208	-5.17567	-2.43861	0.352721	16.7586	4.48231	16.4242	4.42242	3.80966	3.21109	0.632873
16.6983	4.69374	-5.16355	-2.4159	0.359169	16.6039	4.67344	16.613	4.5849	3.74	3.28438	0.482274
16.8525	4.89718	-5.12378	-2.36397	0.417484	16.9236	5.10119	16.7983	4.75103	3.66817	3.35704	4.92341
17.0169	5.11925	-5.1405	-2.32445	0.438652	16.9955	5.21099	16.9799	4.92077	3.59416	3.42897	0.575431
17.1863	5.29713	-5.12171	-2.30145	0.445613	17.3421	4.64623	17.1579	5.09409	3.51797	3.50008	1.86365
17.3477	5.47944	-5.10852	-2.28068	0.44448	17.2894	5.43542	17.3319	5.27094	3.4396	3.57028	0.27501
17.5025	5.66032	-5.08096	-2.25523	0.456386	17.6463	4.74597	17.5019	5.45128	3.35907	3.63949	3.53144
17.6995	5.78698	-5.04996	-2.26667	0.418251	17.7853	5.62476	17.6679	5.63506	3.27637	3.70762	2.16263
17.8393	5.99548	-5.03293	-2.22737	0.451059	17.9216	6.07151	17.8297	5.82221	3.19151	3.77458	1.42742
18.0163	6.17926	-5.0359	-2.21779	0.435916	18.1263	6.16985	17.9872	6.01269	3.10453	3.84027	0.67558
18.1623	6.39178	-5.0409	-2.19076	0.443216	18.1245	6.79027	18.1402	6.20641	3.01542	3.90462	0.593944
18.2855	6.62108	-5.04782	-2.15549	0.458001	18.2164	6.66138	18.2888	6.40332	2.92421	3.96753	0.388539
18.4142	6.84056	-5.0457	-2.12477	0.471145	18.4022	7.02231	18.4328	6.60333	2.83093	4.0289	0.261018
18.5658	6.98336	-4.99108	-2.12837	0.442647	18.5422	6.76013	18.572	6.80638	2.7356	4.08867	2.94191
18.7123	7.19164	-5.00288	-2.11792	0.422402	18.8089	7.24388	18.7064	7.01237	2.63825	4.14672	0.489818
18.9123	7.33012	-4.97095	-2.14063	0.373903	19.1441	7.18344	18.8359	7.22122	2.53893	4.20299	4.58681
18.9958	7.54899	-4.93687	-2.0928	0.422908	18.5479	7.4012	18.9604	7.43283	2.43767	4.25737	4.55184
19.0895	7.79662	-4.95415	-2.05434	0.441956	19.0138	7.8688	19.0798	7.64712	2.3345	4.3098	0.681938
19.2073	8.00977	-4.95109	-2.03698	0.435104	19.3089	7.67375	19.1939	7.86397	2.22949	4.36017	0.351216
19.2888	8.22119	-4.92703	-2.00847	0.44375	19.132	8.12845	19.3028	8.08329	2.12266	4.40842	1.70796
19.3852	8.43729	-4.92136	-1.99082	0.432765	19.0239	8.17194	19.4062	8.30497	2.01409	4.45445	2.44363
19.4824	8.59183	-4.84898	-1.98481	0.418307	19.347	8.30741	19.5042	8.5289	1.90381	4.49819	5.31079
19.5689	8.81004	-4.83637	-1.95795	0.430723	19.6843	8.35902	19.5966	8.75494	1.7919	4.53956	0.771469
19.7341	8.97851	-4.81016	-1.97557	0.387998	20.0039	8.8906	19.6835	8.983	1.67841	4.57848	4.71525
19.8022	9.20901	-4.80111	-1.93806	0.418774	19.6061	9.48659	19.7645	9.21294	1.56341	4.61488	1.04477
19.9367	9.4206	-4.80691	-1.93829	0.394879	20.1574	9.45949	19.8398	9.44463	1.44697	4.64869	2.70771
19.9763	9.65367	-4.78631	-1.88823	0.446243	19.6163	9.76606	19.9093	9.67795	1.32916	4.67984	2.94214
20.0678	9.88004	-4.7914	-1.87346	0.43763	20.1573	9.90876	19.9728	9.91275	1.21005	4.70826	0.468221
20.1258	10.1276	-4.81104	-1.84818	0.435316	19.1911	11.5493	20.0303	10.1489	1.08972	4.73389	6.7801
20.1772	10.3839	-4.83368	-1.81785	0.443882	20.166	10.4687	20.0818	10.3863	0.968259	4.75666	0.423149
20.1902	10.6249	-4.82001	-1.76801	0.488771	19.6775	10.803	20.1271	10.6247	0.845742	4.77652	3.04945
20.2521	10.8833	-4.84828	-1.74706	0.483674	20.371	11.0109	20.1663	10.864	0.722256	4.7934	1.56871
20.2807	11.1365	-4.86305	-1.71932	0.48331	19.4335	12.3402	20.1993	11.1041	0.597892	4.80727	4.76477
20.3159	11.3712	-4.85704	-1.69679	0.481827	20.3164	11.3483	20.2261	11.3449	0.472738	4.81807	0.0293887
20.2595	11.6233	-4.84141	-1.61775	0.571857	19.2063	12.2418	20.2466	11.5861	0.346889	4.82575	10.9032
20.3326	11.86	-4.84532	-1.61488	0.543843	20.6141	11.9422	20.2608	11.8275	0.220439	4.83027	4.61949
20.3579	12.0948	-4.84618	-1.61015	0.498599	19.966	11.9688	20.2687	12.0692	0.093487	4.83159	3.6884
20.3481	12.369	-4.88076	-1.57647	0.506047	20.3263	12.4966	20.2701	12.3108	-0.0338694	4.82968	0.943479
20.297	12.6098	-4.86753	-1.51658	0.566324	20.0192	12.4823	20.2652	12.5522	-0.161529	4.82451	3.34372
20.3221	12.8487	-4.86469	-1.50451	0.549187	20.498	12.8924	20.254	12.7933	-0.28939	4.81605	1.77992
20.3077	13.0832	-4.855	-1.47671	0.553937	20.9151	12.2555	20.2363	13.0339	-0.417348	4.80428	2.14178
20.2713	13.3003	-4.8282	-1.44585	0.55883	20.1943	13.1688	20.2122	13.2738	-0.545298	4.78918	1.20781
20.2315	13.5363	-4.82615	-1.41905	0.552537	19.858	13.5236	20.1818	13.5129	-0.673135	4.77072	1.31875
20.2132	13.7888	-4.84091	-1.39947	0.543212	20.3245	13.8896	20.1449	13.7509	-0.800753	4.74892	1.17461
20.1557	14.0188	-4.83249	-1.36191	0.562713	20.3387	13.5307	20.1017	13.9878	-0.928043	4.72374	0.907567
20.1027	14.2679	-4.84788	-1.33415	0.561437	20.1216	14.337	20.0521	14.2233	-1.0549	4.69521	0.270586
20.0302	14.4975	-4.84445	-1.30234	0.564017	19.6717	14.4038	19.9962	14.4573	-1.18121	4.66331	1.41433
19.9249	14.7442	-4.86819	-1.26067	0.576758	19.781	14.773	19.934	14.6897	-1.30687	4.62805	1.21785
19.8573	14.9648	-4.85508	-1.2432	0.553236	20.1149	14.0165	19.8655	14.9202	-1.43177	4.58944	3.42666
19.824	15.1869	-4.8353	-1.23259	0.536639	20.0208	15.2053	19.7908	15.1486	-1.55581	4.54751	2.15154
19.6899	15.3984	-4.8314	-1.15605	0.634814	20.0157	15.3443	19.7099	15.3749	-1.67887	4.50226	7.92204
19.6548	15.5965	-4.78672	-1.14615	0.614619	19.9131	15.554	19.6229	15.5989	-1.80085	4.45372	3.83947
19.5579	15.8059	-4.77723	-1.1191	0.607424	19.9388	15.0864	19.5298	15.8203	-1.92164	4.40193	1.42781
19.4555	16.0168	-4.77284	-1.09026	0.606091	19.4748	16.0098	19.4307	16.039	-2.04114	4.3469	0.0238845
19.3521	16.2276	-4.76865	-1.07449	0.57446	19.1556	16.0022	19.3257	16.2549	-2.15925	4.28868	1.87899
19.2406	16.4078	-4.73706	-1.04407	0.578026	19.238	16.2719	19.2148	16.4679	-2.27586	4.22731	0.987928
19.12	16.6074	-4.73317	-1.0142	0.580789	19.4007	16.2962	19.0981	16.6777	-2.39087	4.16284	0.315433
18.9933	16.8115	-4.73797	-0.986311	0.579327	19.0029	16.8387	18.9757	16.8841	-2.50418	4.0953	0.0438277
18.8362	17.0027	-4.74943	-0.927836	0.641791	18.8373	17.7112	18.8477	17.0872	-2.61571	4.02476	6.38272
18.6718	17.2247	-4.79468	-0.895128	0.639895	18.6148	17.3832	18.7142	17.2866	-2.72534	3.95127	1.55067
18.5668	17.4319	-4.7819	-0.910028	0.549179	18.8177	17.0316	18.5752	17.4822	-2.83299	3.87489	6.19341
18.3597	17.6145	-4.81225	-0.863773	0.566791	18.1023	17.5529	18.4309	17.674	-2.93858	3.79568	3.78693
18.223	17.8065	-4.80535	-0.860479	0.516247	18.2749	17.4877	18.2814	17.8617	-3.042	3.71372	2.43897
18.09	17.9935	-4.79551	-0.843828	0.50739	18.2094	18.0461	18.1268	18.0453	-3.14318	3.62906	0.910279
17.9132	18.1498	-4.78809	-0.800792	0.539909	18.3021	17.498	17.9671	18.2246	-3.24204	3.5418	1.97377
17.7758	18.2989	-4.74755	-0.778565	0.537034	17.9018	18.2183	17.8026	18.3994	-3.3385	3.45199	1.24302
17.6398	18.4828	-4.73891	-0.771607	0.508268	18.8558	18.1364	17.6334	18.5697	-3.43247	3.35973	6.72697
17.4513	18.6573	-4.76143	-0.744179	0.509273	17.3845	18.7039	17.4595	18.7353	-3.5239	3.26509	0.368278
17.2687	18.8005	-4.7529	-0.709237	0.526158	17.7945	18.0801	17.281	18.8962	-3.61271	3.16817	1.78628
17.1043	18.9396	-4.72784	-0.684576	0.525591	17.1762	18.8863	17.0983	19.0521	-3.69883	3.06904	0.44385
16.937	19.1099	-4.73235	-0.672954	0.503597	16.9398	19.7311	16.9113	19.203	-3.78221	2.9678	3.02378
16.7217	19.2235	-4.72892	-0.63256	0.519345	16.5734	19.052	16.7201	19.3488	-3.86278	2.86455	2.71221
16.5329	19.3754	-4.73899	-0.608919	0.520359	16.1674	20.2201	16.5251	19.4894	-3.9405	2.75938	3.1949
16.316	19.5291	-4.77306	-0.583341	0.51842	16.2338	19.6171	16.3262	19.6246	-4.01531	2.65237	0.801161
16.0915	19.6139	-4.76212	-0.532661	0.55554	16.4366	18.2742	16.1237	19.7545	-4.08716	2.54364	10.0869
15.8893	19.7551	-4.77575	-0.512378	0.547262	15.9243	19.8703	15.9176	19.8789	-4.15602	2.43329	0.769852
15.6984	19.8815	-4.76062	-0.507206	0.502049	16.2328	19.2166	15.7082	19.9978	-4.22185	2.32141	3.21968
15.4752	20.0285	-4.79751	-0.489137	0.493185	15.4332	20.1836	15.4956	20.111	-4.28461	2.2081	1.40861
15.2679	20.1674	-4.81063	-0.477866	0.473177	14.3677	21.3406	15.2799	20.2185	-4.34427	2.09347	5.74125
15.0767	20.301	-4.80597	-0.466551	0.460746	15.2016	20.4385	15.0613	20.3203	-4.4008	1.97763	1.82097
14.8474	20.3831	-4.80551	-0.429222	0.482562	14.7476	19.9571	14.84	20.4162	-4.4542	1.86068	2.13296
14.6323	20.5022	-4.81519	-0.412586	0.47454	14.6665	20.6088	14.6161	20.5063	-4.50443	1.74272	0.667128
14.399	20.5873	-4.82521	-0.37636	0.499168	13.841	21.0031	14.3897	20.5904	-4.55149	1.62386	1.33403
14.1534	20.6614	-4.83823	-0.344282	0.505954	14.0521	20.5924	14.1611	20.6686	-4.59537	1.50421	0.794965
13.9189	20.7314	-4.84297	-0.308789	0.526496	13.8232	20.859	13.9304	20.7408	-4.63606	1.38386	0.402253
13.6496	20.7931	-4.87633	-0.273862	0.533991	13.4686	20.7253	13.6977	20.807	-4.67357	1.26294	1.98988
13.4038	20.8229	-4.87928	-0.220499	0.584119	13.8263	20.4261	13.4632	20.8671	-4.70789	1.14153	2.42307
13.1557	20.8664	-4.88589	-0.18793	0.587279	13.1072	20.8294	13.2271	20.9211	-4.73904	1.01975	0.195942
12.9249	20.9241	-4.88225	-0.165918	0.578491	13.2669	21.1579	12.9895	20.969	-4.76702	0.897694	1.72859
12.7153	20.9738	-4.85449	-0.144849	0.57172	12.8729	21.0592	12.7506	21.0108	-4.79186	0.775469	1.69766
12.4666	21.0124	-4.86773	-0.116032	0.574337	11.5171	21.6724	12.5106	21.0465	-4.81358	0.653175	2.64635
12.2194	21.0507	-4.87859	-0.0916742	0.569289	12.2062	21.11	12.2695	21.0761	-4.83219	0.530912	0.203018
11.9812	21.0701	-4.87666	-0.0602338	0.578157	12.3859	21.1066	12.0276	21.0996	-4.84773	0.408778	0.934278
11.7337	21.0438	-4.86886	-0.0175591	0.59285	11.6814	20.8651	11.785	21.117	-4.86022	0.286869	1.84758
11.4871	21.0301	-4.86896	0.0181617	0.600202	11.5265	20.6748	11.5418	21.1283	-4.86971	0.165281	1.08157
11.2641	21.0269	-4.84785	0.0455672	0.598543	11.363	21.0688	11.2982	21.1335	-4.87623	0.0441057	0.610606
11.0113	20.9878	-4.85513	0.0855139	0.609622	10.5558	20.5567	11.0544	21.1327	-4.87982	-0.076565	4.16131
10.7932	20.9527	-4.82698	0.119602	0.614871	10.8903	20.927	10.8105	21.1259	-4.88053	-0.196643	0.560742
10.5449	20.9522	-4.82625	0.124467	0.565397	9.30535	21.3896	10.5666	21.1131	-4.8784	-0.31604	5.61929
10.2738	20.9764	-4.87021	0.130659	0.539672	10.189	21.209	10.3229	21.0943	-4.87349	-0.434674	3.43865
10.0348	20.9581	-4.86816	0.14969	0.528736	9.97958	21.2932	10.0795	21.0697	-4.86585	-0.552463	1.01627
9.8301	20.9221	-4.8284	0.175748	0.530204	9.99634	20.9797	9.83658	21.0391	-4.85554	-0.669327	1.6453
9.59212	20.9152	-4.81459	0.173001	0.476886	9.38223	21.111	9.59422	21.0028	-4.84262	-0.785189	2.41071
9.3902	20.8646	-4.77525	0.200779	0.482724	9.53921	20.8762	9.35258	20.9607	-4.82714	-0.899977	1.21819
9.16413	20.8249	-4.7677	0.221586	0.480136	9.63392	20.9724	9.11177	20.9128	-4.80919	-1.01362	1.52329
8.88629	20.7889	-4.81958	0.235641	0.467604	8.70331	20.8221	8.87192	20.8594	-4.78881	-1.12605	1.94002
8.66672	20.711	-4.80649	0.268862	0.481108	9.84634	20.009	8.63315	20.8003	-4.76608	-1.2372	4.49276
8.4014	20.6245	-4.84687	0.297964	0.485033	8.22277	20.4839	8.39557	20.7358	-4.74108	-1.34701	2.69634
8.17277	20.5444	-4.84812	0.327107	0.493855	8.29647	20.4978	8.1593	20.6657	-4.71387	-1.45542	0.0995546
7.93345	20.4639	-4.86039	0.350761	0.492316	7.88599	20.45	7.92445	20.5903	-4.68453	-1.56237	0.131709
7.71677	20.3777	-4.85861	0.383939	0.513096	8.29081	20.6565	7.69111	20.5096	-4.65313	-1.66781	3.50399
7.42504	20.3177	-4.92867	0.389317	0.488877	7.18029	20.392	7.45939	20.4237	-4.61975	-1.7717	3.75699
7.19623	20.22	-4.92933	0.41253	0.485154	7.09214	20.1196	7.22939	20.3326	-4.58448	-1.87399	0.225487
6.93659	20.138	-4.96411	0.425005	0.471284	6.81542	20.1859	7.00119	20.2364	-4.54738	-1.97462	0.985561
6.71306	20.0454	-4.95634	0.441559	0.459994	6.89359	20.1536	6.7749	20.1352	-4.50854	-2.07357	0.426501
6.46557	19.9556	-4.97875	0.454191	0.448105	6.38914	20.0137	6.55059	20.0292	-4.46805	-2.17079	0.541515
6.24927	19.8612	-4.96797	0.471657	0.44382	6.67637	20.2142	6.32834	19.9183	-4.42598	-2.26625	2.73941
5.98961	19.7692	-5.00418	0.479207	0.426944	5.86119	19.8306	6.10823	19.8027	-4.38241	-2.35993	1.19095
5.76848	19.6221	-5.02635	0.520152	0.461237	5.28178	19.5036	5.89034	19.6824	-4.33744	-2.45178	2.16634
5.5779	19.502	-4.9962	0.545119	0.464204	5.69089	19.5755	5.67472	19.5577	-4.29114	-2.5418	0.961112
5.37777	19.3521	-4.99344	0.579002	0.479177	5.9506	18.9859	5.46145	19.4284	-4.24359	-2.62995	1.699
5.15913	19.2521	-4.99056	0.58729	0.462352	5.17021	19.4397	5.25059	19.2948	-4.19488	-2.71622	1.88906
4.96161	19.14	-4.95917	0.595179	0.436008	5.87397	19.301	5.04219	19.157	-4.1451	-2.80059	4.50296
4.78868	18.9893	-4.93148	0.62655	0.447316	4.89149	18.982	4.8363	19.015	-4.09432	-2.88305	0.615617
4.58343	18.8392	-4.94793	0.653077	0.458249	3.98679	19.0452	4.63297	18.8689	-4.04263	-2.96359	1.49576
4.39947	18.7075	-4.9275	0.671396	0.453882	4.4685	18.834	4.43224	18.7188	-3.99012	-3.0422	1.07164
4.21135	18.5657	-4.90637	0.683422	0.432502	4.69245	18.4634	4.23416	18.5648	-3.93685	-3.11888	1.39321
4.07499	18.4085	-4.855	0.717541	0.447976	4.26269	18.481	4.03876	18.4071	-3.88293	-3.19362	2.23187
3.89615	18.2361	-4.88604	0.759016	0.490514	3.42434	18.8357	3.84606	18.2457	-3.82841	-3.26644	7.0821
3.65365	18.0961	-4.93442	0.756452	0.458741	3.45919	18.167	3.65611	18.0807	-3.77339	-3.33732	2.58168
3.48417	17.9446	-4.901	0.76724	0.434612	4.3011	17.9267	3.46891	17.9122	-3.71795	-3.40627	3.37259
3.2662	17.7786	-4.93845	0.775258	0.418049	3.12525	17.7493	3.28449	17.7402	-3.66215	-3.47331	1.18648
3.09164	17.5952	-4.96041	0.807898	0.443617	2.65664	17.888	3.10287	17.565	-3.60609	-3.53844	2.47347
2.90742	17.4773	-4.93475	0.806432	0.41811	2.9449	17.8154	2.92405	17.3866	-3.54982	-3.60167	6.06455
2.76844	17.2613	-4.95344	0.859021	0.470319	3.26647	17.0897	2.74805	17.2051	-3.49344	-3.66302	3.31454
2.59452	17.0769	-4.96311	0.876779	0.463601	2.55407	17.0853	2.57486	17.0205	-3.437	-3.72251	0.103731
2.42737	16.9091	-4.93382	0.879119	0.425942	2.55039	16.8884	2.4045	16.833	-3.38059	-3.78014	1.9716
2.26167	16.7366	-4.92967	0.891671	0.416276	2.25371	16.8334	2.23695	16.6427	-3.32428	-3.83595	0.504466
2.0889	16.5414	-4.93377	0.899798	0.391829	1.57735	16.0489	2.07221	16.4497	-3.26812	-3.88995	5.05969
1.93682	16.3121	-4.95952	0.928891	0.401719	1.88972	16.1054	1.91027	16.254	-3.21219	-3.94216	2.31996
1.77689	16.1351	-4.93877	0.931264	0.372264	1.74362	16.2687	1.75112	16.0557	-3.15656	-3.99261	1.11118
1.57561	15.9673	-4.96002	0.922668	0.340991	1.44745	16.0853	1.59474	15.8549	-3.10129	-4.04132	1.83196
1.45235	15.7374	-4.98326	0.965958	0.383658	1.6097	15.5526	1.44111	15.6517	-3.04644	-4.08832	2.03642
1.283	15.5217	-5.01396	0.977486	0.374235	1.18395	15.4284	1.29021	15.4463	-2.99207	-4.13364	0.99398
1.12823	15.3284	-5.00925	0.983988	0.357071	0.828993	15.528	1.14201	15.2386	-2.93825	-4.1773	0.975843
0.923669	15.114	-5.06446	0.979318	0.330251	0.722706	15.0075	0.996486	15.0288	-2.88503	-4.21933	2.92814
0.77464	14.9313	-5.03336	0.977816	0.299781	1.03147	15.2134	0.853604	14.8169	-2.83246	-4.25977	2.32562
0.663946	14.7151	-5.01782	1.00441	0.313177	0.737301	14.7047	0.71333	14.603	-2.78061	-4.29864	0.339222
0.555347	14.4751	-5.03798	1.0426	0.348632	0.722177	14.2445	0.575628	14.3872	-2.72952	-4.33598	1.77615
0.384184	14.2557	-5.0721	1.04367	0.329424	0.253435	14.2029	0.440459	14.1696	-2.67925	-4.37181	1.15472
0.272309	14.0064	-5.11439	1.08431	0.37376	-0.0328023	13.9604	0.307779	13.9502	-2.62984	-4.40617	3.53163
0.242047	13.7554	-5.07465	1.1403	0.416875	0.459172	13.6856	0.177545	13.7292	-2.58135	-4.43909	3.22735
0.144248	13.514	-5.09657	1.17142	0.436928	0.0524412	13.6377	0.0497099	13.5065	-2.53381	-4.47061	1.21414
-0.0195667	13.2873	-5.13212	1.16559	0.404076	-0.190344	13.2856	-0.0757753	13.2823	-2.48728	-4.50075	1.80689
-0.136801	13.0673	-5.11472	1.1702	0.379114	-0.275043	13.1456	-0.198962	13.0566	-2.44179	-4.52955	0.911001
-0.156811	12.8363	-5.06328	1.21879	0.415092	0.0462308	12.9301	-0.319903	12.8295	-2.39739	-4.55704	2.94331
-0.276909	12.61	-5.05014	1.21594	0.37737	-0.684792	12.3563	-0.438654	12.6011	-2.35412	-4.58326	3.62302
-0.395346	12.3747	-5.06677	1.22101	0.360695	-0.476482	12.3633	-0.555273	12.3714	-2.31202	-4.60823	0.416331
-0.521682	12.1646	-5.04858	1.21215	0.322858	-0.972122	12.5207	-0.669818	12.1404	-2.27111	-4.63198	3.86472
-0.603606	11.9423	-5.03243	1.22786	0.322864	-0.582624	12.0386	-0.78235	11.9083	-2.23144	-4.65456	0.49764
-0.730041	11.7147	-5.03598	1.22062	0.290473	-1.26757	11.6495	-0.892931	11.6751	-2.19304	-4.67598	2.87726
-0.917332	11.4753	-5.09039	1.1925	0.239252	-1.17212	11.3988	-1.00163	11.4409	-2.15594	-4.69628	4.31712
-1.02688	11.2478	-5.06683	1.18587	0.204314	-0.891441	10.959	-1.1085	11.2057	-2.12017	-4.71549	3.06193
-1.19922	11.0222	-5.09758	1.16208	0.164493	-1.39289	11.0424	-1.21362	10.9695	-2.08575	-4.73364	2.3689
-1.27757	10.7774	-5.11282	1.18907	0.196865	-1.29894	10.9012	-1.31706	10.7324	-2.05273	-4.75075	1.24036
-1.40433	10.5259	-5.14351	1.18771	0.183718	-1.49687	10.4198	-1.41889	10.4945	-2.02111	-4.76686	1.08173
-1.48673	10.266	-5.17094	1.21183	0.209594	-1.59293	10.0212	-1.51917	10.2559	-1.99093	-4.78198	1.59651
-1.59051	10.0531	-5.14983	1.2123	0.198524	-1.61875	10.2374	-1.61797	10.0165	-1.96221	-4.79615	1.8031
-1.68123	9.82185	-5.13529	1.2174	0.189409	-1.59702	9.96554	-1.71539	9.77637	-1.93498	-4.80939	0.453726
-1.76091	9.59832	-5.114	1.22765	0.190548	-1.73381	9.71347	-1.81147	9.53564	-1.90924	-4.82172	0.721178
-1.86515	9.34962	-5.14283	1.23594	0.196627	-2.27191	9.37316	-1.90631	9.29431	-1.88502	-4.83316	2.63548
-1.94342	9.0613	-5.18493	1.25389	0.205339	-1.93833	8.77028	-1.99998	9.05243	-1.86233	-4.84374	4.35254
-2.03297	8.83569	-5.15813	1.25158	0.183203	-1.96565	9.13274	-2.09256	8.81003	-1.8412	-4.85347	1.69166
-2.12892	8.58432	-5.1727	1.25499	0.176418	-2.1768	8.5411	-2.18412	8.56717	-1.82164	-4.86238	0.231639
-2.2522	8.33388	-5.19842	1.24577	0.15452	-2.65862	8.19477	-2.27474	8.32388	-1.80365	-4.87047	3.03953
-2.30558	8.09616	-5.17528	1.26406	0.166899	-2.21875	8.15339	-2.3645	8.0802	-1.78726	-4.87778	0.613177
-2.37551	7.8785	-5.13781	1.26917	0.159927	-2.273	8.52315	-2.45348	7.83617	-1.77248	-4.8843	5.38295
-2.48605	7.62902	-5.1597	1.26337	0.14394	-2.59674	7.60288	-2.54177	7.59184	-1.75931	-4.89006	0.753031
-2.64773	7.39644	-5.16918	1.22248	0.0716364	-3.08256	7.38874	-2.62944	7.34723	-1.74777	-4.89507	5.87087
-2.75028	7.14131	-5.18918	1.22155	0.0663501	-2.79865	7.064	-2.71658	7.10238	-1.73786	-4.89933	0.443618
-2.81491	6.90452	-5.17661	1.23882	0.0897128	-2.79412	7.20818	-2.80326	6.85734	-1.72958	-4.90286	1.539
-2.86492	6.68889	-5.12918	1.25314	0.100782	-2.74651	6.86867	-2.88957	6.61214	-1.72295	-4.90566	2.46936
-2.93794	6.46101	-5.09392	1.24678	0.070715	-2.57673	6.36755	-2.97559	6.36681	-1.71797	-4.90774	4.308
-2.9943	6.22143	-5.07912	1.25951	0.0809336	-2.90217	6.22989	-3.0614	6.12139	-1.71464	-4.90911	0.480599
-3.10866	5.97695	-5.10361	1.25097	0.0690912	-3.50172	6.10796	-3.14709	5.87592	-1.71297	-4.90976	3.18056
-3.187	5.70645	-5.13235	1.25814	0.0731409	-3.1778	5.53101	-3.23274	5.63043	-1.71295	-4.9097	1.59304
-3.29596	5.46022	-5.13905	1.23878	0.030873	-3.19736	5.19093	-3.31843	5.38496	-1.71458	-4.90893	2.29296
-3.38932	5.20155	-5.16119	1.23839	0.0287715	-3.43031	5.10507	-3.40424	5.13955	-1.71787	-4.90745	0.574387
-3.45782	4.95487	-5.15965	1.25063	0.0474361	-3.4281	4.94644	-3.49026	4.89422	-1.72281	-4.90525	0.22114
-3.56626	4.6834	-5.20366	1.2459	0.0400661	-3.69435	4.52196	-3.57657	4.64902	-1.72939	-4.90233	2.23583
-3.67491	4.43261	-5.21387	1.2267	-0.00107811	-3.50501	4.17643	-3.66325	4.40398	-1.73763	-4.89868	2.33564
-3.80234	4.16793	-5.25765	1.21489	-0.0129981	-4.00238	4.04684	-3.75039	4.15913	-1.74749	-4.8943	2.88616
-3.88526	3.92594	-5.2516	1.2237	0.00754068	-4.06447	4.10977	-3.83806	3.91452	-1.75899	-4.88918	1.09205
-3.96025	3.68897	-5.23239	1.22769	0.0108478	-3.88053	3.75177	-3.92635	3.67019	-1.77212	-4.8833	0.535606
-4.06609	3.47751	-5.19977	1.20838	-0.0254297	-4.23729	3.88878	-4.01533	3.42616	-1.78686	-4.87666	4.10122
-4.15715	3.23239	-5.20154	1.20779	-0.024671	-4.15119	3.21968	-4.10509	3.18248	-1.8032	-4.86925	0.0103352
-4.27161	2.98106	-5.22206	1.19276	-0.0507338	-4.27467	2.88187	-4.19571	2.93919	-1.82113	-4.86104	0.851012
-4.35914	2.71089	-5.24851	1.19701	-0.0427906	-4.32451	2.55034	-4.28727	2.69633	-1.84065	-4.85202	1.41103
-4.44694	2.46087	-5.25085	1.2014	-0.0309676	-4.38481	2.39989	-4.37985	2.45393	-1.86173	-4.84218	0.184326
-4.54949	2.19971	-5.27484	1.20009	-0.0296138	-4.61223	2.09192	-4.47352	2.21205	-1.88436	-4.83149	0.791844
-4.66072	1.96652	-5.26964	1.1752	-0.0814371	-4.29257	1.92854	-4.56836	1.97072	-1.90853	-4.81994	4.04503
-4.77325	1.69901	-5.30547	1.17218	-0.0784059	-4.86829	1.53442	-4.66444	1.72998	-1.93422	-4.80751	1.83088
-4.89714	1.45219	-5.32265	1.15414	-0.106316	-4.98165	1.43611	-4.76186	1.48989	-1.9614	-4.79417	0.737071
-4.95916	1.21117	-5.29277	1.1617	-0.0946445	-4.66779	1.28643	-4.86066	1.25049	-1.99007	-4.7799	4.63043
-5.05742	0.987476	-5.2645	1.15871	-0.0892995	-4.98594	1.10894	-4.96095	1.01182	-2.02019	-4.76468	0.977707
-5.12078	0.748749	-5.23709	1.16584	-0.0786598	-4.85498	0.825661	-5.06277	0.77393	-2.05174	-4.74848	3.91248
-5.21191	0.463538	-5.2871	1.1699	-0.0747466	-4.84736	0.18101	-5.16621	0.536876	-2.08471	-4.73127	5.3165
-5.28795	0.219544	-5.27264	1.17418	-0.0668587	-5.1231	0.257311	-5.27133	0.300706	-2.11906	-4.71303	1.47108
-5.39795	-0.0176003	-5.26421	1.17679	-0.0453359	-5.99809	-0.290765	-5.3782	0.0654719	-2.15477	-4.69374	5.95754
-5.47024	-0.260332	-5.2484	1.18287	-0.0369197	-5.29972	-0.212982	-5.4869	-0.168772	-2.1918	-4.67335	1.61126
-5.59231	-0.453711	-5.20217	1.16104	-0.0657822	-5.64447	-0.144522	-5.59748	-0.401971	-2.23014	-4.65185	4.04107
-5.73071	-0.646023	-5.16465	1.13713	-0.0912754	-5.85359	-0.445801	-5.71001	-0.634069	-2.26974	-4.62919	3.0501
-5.84514	-0.872391	-5.1702	1.11657	-0.129448	-5.30947	-0.724468	-5.82456	-0.865006	-2.31058	-4.60536	5.39718
-5.93951	-1.13415	-5.1958	1.12315	-0.112969	-5.87835	-1.26863	-5.94118	-1.09472	-2.35262	-4.58032	1.2026
-6.02725	-1.39698	-5.21811	1.13171	-0.0960862	-5.68069	-1.52871	-6.05993	-1.32316	-2.39581	-4.55404	2.67774
-6.16605	-1.6067	-5.20123	1.11205	-0.114437	-6.27263	-1.50938	-6.18087	-1.55025	-2.44014	-4.52648	1.16843
-6.30915	-1.83666	-5.2328	1.08048	-0.169462	-6.11355	-1.75966	-6.30406	-1.77593	-2.48555	-4.49762	4.27052
-6.4142	-2.08288	-5.24197	1.08206	-0.157018	-6.34007	-2.13685	-6.42954	-2.00014	-2.532	-4.46742	0.474807
-6.56623	-2.28847	-5.22529	1.0599	-0.173214	-6.99344	-2.17445	-6.55738	-2.22281	-2.57946	-4.43585	3.07229
-6.71533	-2.49862	-5.21618	1.04022	-0.186931	-6.79288	-2.4458	-6.68761	-2.44386	-2.62788	-4.40288	0.502
-6.87138	-2.71066	-5.21807	1.01801	-0.205817	-7.14408	-2.67584	-6.82029	-2.66323	-2.6772	-4.36847	1.16823
-6.96298	-2.97378	-5.24082	1.03406	-0.172738	-6.8003	-3.10086	-6.95546	-2.88084	-2.7274	-4.3326	2.46612
-7.09239	-3.19853	-5.23234	1.03034	-0.162373	-7.13937	-3.22028	-7.09316	-3.09663	-2.7784	-4.29523	0.220203
-7.21743	-3.39868	-5.20205	1.01909	-0.167328	-7.12118	-3.26434	-7.23344	-3.3105	-2.83017	-4.25632	1.39797
-7.36323	-3.64144	-5.22909	1.0143	-0.16153	-7.77186	-4.08999	-7.37632	-3.5224	-2.88265	-4.21586	4.44675
-7.52316	-3.79132	-5.16538	0.979305	-0.196626	-7.49009	-3.49081	-7.52184	-3.73223	-2.93579	-4.1738	4.98446
-7.66773	-4.00041	-5.16497	0.966651	-0.202633	-7.52393	-3.88213	-7.67004	-3.93992	-2.98953	-4.13012	0.479302
-7.822	-4.22482	-5.18151	0.957939	-0.200401	-7.88049	-4.29783	-7.82094	-4.14538	-3.04381	-4.08479	0.447917
-7.97293	-4.44204	-5.1867	0.949939	-0.196905	-8.08524	-4.57834	-7.97457	-4.34854	-3.09857	-4.03778	0.374921
-8.13371	-4.67501	-5.21434	0.9437	-0.19173	-8.22492	-4.79812	-8.13095	-4.5493	-3.15376	-3.98906	1.20606
-8.27348	-4.88368	-5.18106	0.946242	-0.166028	-8.453	-4.95621	-8.2901	-4.74759	-3.2093	-3.93862	2.59033
-8.40667	-5.10258	-5.17975	0.947109	-0.154744	-8.33552	-5.1059	-8.45204	-4.94331	-3.26514	-3.88641	0.286732
-8.55308	-5.27972	-5.12579	0.938041	-0.148437	-8.55062	-4.79248	-8.61678	-5.13637	-3.32121	-3.83242	4.33473
-8.74512	-5.47581	-5.13919	0.91422	-0.168372	-8.91477	-5.51752	-8.78433	-5.32669	-3.37745	-3.77663	1.63961
-8.90324	-5.67558	-5.12896	0.906896	-0.1641	-9.04115	-5.69364	-8.95469	-5.51417	-3.43377	-3.71901	0.430751
-9.06225	-5.8627	-5.11625	0.894413	-0.169568	-9.03391	-5.80267	-9.12788	-5.69872	-3.49012	-3.65955	0.232672
-9.20066	-6.03069	-5.05406	0.889583	-0.158699	-8.86897	-5.41973	-9.30388	-5.88026	-3.54643	-3.59823	6.98906
-9.38408	-6.14043	-4.99062	0.847836	-0.201135	-9.30811	-5.82368	-9.4827	-6.05868	-3.60261	-3.53503	5.84177
-9.55755	-6.32518	-4.98835	0.835936	-0.201744	-9.80646	-6.41174	-9.66432	-6.23389	-3.6586	-3.46994	0.886389
-9.70019	-6.52949	-4.9905	0.840687	-0.18356	-9.62547	-6.55958	-9.84874	-6.4058	-3.71431	-3.40295	0.399403
-9.92008	-6.68805	-5.0136	0.80281	-0.221866	-10.6688	-6.35543	-10.0359	-6.57431	-3.76969	-3.33404	6.68391
-10.125	-6.84768	-5.01634	0.775423	-0.241685	-10.2246	-6.83402	-10.2259	-6.73933	-3.82463	-3.26321	0.59397
-10.3087	-7.0103	-5.01573	0.757333	-0.250469	-10.2205	-6.71044	-10.4186	-6.90075	-3.87907	-3.19046	1.09691
-10.5377	-7.1824	-5.04795	0.730004	-0.267785	-10.7616	-7.29159	-10.614	-7.05849	-3.93293	-3.11577	3.22152
-10.7426	-7.3253	-5.04442	0.702797	-0.285577	-10.8944	-6.83335	-10.8121	-7.21245	-3.98613	-3.03916	2.01339
-10.9874	-7.47968	-5.07566	0.669546	-0.30785	-11.2219	-7.56979	-11.0128	-7.36252	-4.03859	-2.96062	3.31409
-11.1771	-7.62246	-5.04934	0.653344	-0.308574	-10.986	-7.3707	-11.2161	-7.50862	-4.09021	-2.88015	1.34635
-11.3292	-7.77764	-5.01477	0.654464	-0.289482	-11.0934	-7.6776	-11.422	-7.65064	-4.14093	-2.79777	3.41486
-11.5258	-7.90684	-4.99029	0.633383	-0.297633	-11.4213	-7.46085	-11.6304	-7.78849	-4.19066	-2.71349	2.01276
-11.7096	-8.01263	-4.94755	0.609283	-0.310056	-11.5269	-7.8215	-11.8413	-7.92208	-4.23932	-2.6273	3.59505
-11.9065	-8.1289	-4.89993	0.587401	-0.317747	-11.9422	-7.88317	-12.0546	-8.05131	-4.28682	-2.53924	2.39694
-12.1242	-8.21871	-4.88103	0.55112	-0.342927	-12.09	-8.08828	-12.2702	-8.17609	-4.33309	-2.44932	1.04386
-12.3469	-8.34402	-4.91654	0.530513	-0.346082	-12.4462	-8.02117	-12.4881	-8.29633	-4.37802	-2.35756	2.35248
-12.553	-8.4241	-4.88444	0.498654	-0.36463	-12.4231	-8.2599	-12.7082	-8.41193	-4.42156	-2.26399	2.29469
-12.7631	-8.51118	-4.84193	0.469365	-0.380333	-12.7461	-8.19449	-12.9304	-8.5228	-4.4636	-2.16863	2.16817
-13.037	-8.59589	-4.88005	0.426268	-0.407805	-13.2911	-8.64594	-13.1547	-8.62886	-4.50407	-2.07151	3.57833
-13.2819	-8.69425	-4.91227	0.401784	-0.410176	-13.7929	-8.47158	-13.381	-8.73002	-4.54289	-1.97267	2.5555
-13.5052	-8.74014	-4.88465	0.362374	-0.433836	-13.384	-8.57583	-13.6092	-8.82619	-4.57997	-1.87214	2.21895
-13.7281	-8.78017	-4.83334	0.319212	-0.465765	-13.6376	-8.26344	-13.8392	-8.91729	-4.61524	-1.76997	4.17875
-13.9523	-8.88947	-4.84404	0.312643	-0.445428	-13.9959	-8.99264	-14.0709	-9.00324	-4.64861	-1.6662	0.712896
-14.1972	-8.98021	-4.89041	0.301018	-0.425395	-14.4737	-8.79552	-14.3043	-9.08395	-4.68001	-1.56086	2.75413
-14.4186	-9.09004	-4.8933	0.299604	-0.401792	-14.4273	-9.1875	-14.5391	-9.15936	-4.70936	-1.45402	0.593843
-14.649	-9.15996	-4.8838	0.279023	-0.404105	-14.5757	-9.32634	-14.7754	-9.22939	-4.73658	-1.34573	0.2508
-14.9299	-9.15689	-4.90776	0.220694	-0.448013	-15.062	-9.04396	-15.013	-9.29397	-4.76161	-1.23603	1.95257
-15.1844	-9.23082	-4.93307	0.206891	-0.435768	-15.6189	-9.69365	-15.2517	-9.35302	-4.78436	-1.125	4.46802
-15.4436	-9.34465	-4.96932	0.211566	-0.403112	-15.6682	-9.56749	-15.4916	-9.40649	-4.80476	-1.01269	5.2793
-15.6896	-9.37315	-4.94842	0.175972	-0.428413	-15.9382	-9.35751	-15.7324	-9.45431	-4.82275	-0.899159	1.92592
-15.9443	-9.4571	-4.96966	0.17236	-0.406639	-16.0862	-9.59819	-15.9741	-9.49642	-4.83827	-0.784484	2.12219
-16.1971	-9.46555	-4.96101	0.133194	-0.433288	-16.6033	-8.85459	-16.2164	-9.53277	-4.85124	-0.668734	2.28452
-16.4488	-9.45943	-4.96106	0.0945873	-0.453057	-16.4229	-9.37029	-16.4594	-9.5633	-4.8616	-0.55198	0.519896
-16.673	-9.4556	-4.92422	0.0596424	-0.473576	-16.011	-9.33486	-16.7027	-9.58797	-4.8693	-0.434301	5.243
-16.9515	-9.44322	-4.957	0.0219829	-0.488253	-17.1132	-9.43043	-16.9464	-9.60673	-4.87427	-0.315773	1.41942
-17.2014	-9.50353	-4.97318	0.0280117	-0.44662	-16.9255	-10.8571	-17.1903	-9.61954	-4.87646	-0.196479	7.88281
-17.4601	-9.5219	-4.98526	0.0112475	-0.439636	-17.5448	-9.57485	-17.4342	-9.62636	-4.87583	-0.0765024	0.516225
-17.7177	-9.51097	-4.98675	-0.0200283	-0.455011	-18.1371	-9.39146	-17.6781	-9.62717	-4.87232	0.0440703	1.69525
-17.9719	-9.47885	-4.99267	-0.0538044	-0.467392	-17.9724	-9.42299	-17.9216	-9.62194	-4.86588	0.165151	0.19896
-18.2179	-9.43938	-4.98146	-0.0925629	-0.492185	-18.3083	-9.18778	-18.1648	-9.61064	-4.85648	0.286648	0.724177
-18.4277	-9.48103	-4.9361	-0.0861731	-0.459011	-18.2763	-9.60997	-18.4074	-9.59325	-4.84408	0.40847	2.39951
-18.665	-9.46668	-4.93324	-0.10055	-0.44416	-18.2443	-9.58547	-18.6493	-9.56977	-4.82864	0.530522	1.683
-18.9128	-9.45957	-4.93423	-0.113869	-0.433979	-18.9545	-9.51544	-18.8904	-9.54017	-4.81012	0.652707	0.272222
-19.1444	-9.4198	-4.92649	-0.136242	-0.430988	-18.6983	-9.02886	-19.1305	-9.50447	-4.78851	0.774927	3.97792
-19.3867	-9.30393	-4.93796	-0.192449	-0.469886	-19.2983	-9.09865	-19.3694	-9.46265	-4.76378	0.897083	2.9519
-19.6218	-9.22568	-4.92809	-0.234622	-0.499795	-19.7037	-8.79906	-19.6069	-9.41472	-4.73591	1.01907	1.15441
-19.8694	-9.10676	-4.95047	-0.284542	-0.526878	-19.8731	-8.96417	-19.8431	-9.36071	-4.70487	1.1408	1.27734
-20.1054	-9.00669	-4.95786	-0.321894	-0.537958	-20.3815	-7.6755	-20.0775	-9.30061	-4.67066	1.26215	4.95215
-20.2949	-9.12049	-4.85489	-0.269222	-0.454635	-20.1607	-9.59663	-20.3102	-9.23446	-4.63328	1.38303	15.2746
-20.5345	-9.0754	-4.85809	-0.279734	-0.437443	-20.4587	-9.7448	-20.5409	-9.16227	-4.59271	1.50334	1.53151
-20.7543	-8.98311	-4.85215	-0.311888	-0.449242	-20.6596	-8.91527	-20.7696	-9.08409	-4.54895	1.62296	0.724838
-20.9954	-8.90066	-4.86332	-0.33825	-0.4564	-21.5568	-8.5005	-20.9959	-8.99994	-4.50202	1.74179	2.3436
-21.1946	-8.83117	-4.8278	-0.357827	-0.454497	-21.0195	-8.85081	-21.2198	-8.90987	-4.45191	1.85972	1.61646
-21.4277	-8.74047	-4.83393	-0.385218	-0.464697	-21.8628	-8.64129	-21.4412	-8.81393	-4.39865	1.97666	1.83995
-21.6258	-8.71171	-4.78171	-0.384729	-0.44079	-21.5029	-8.87191	-21.6597	-8.71217	-4.34224	2.0925	2.40684
-21.8204	-8.56023	-4.76511	-0.449789	-0.511256	-21.9514	-7.41274	-21.8754	-8.60465	-4.2827	2.20712	6.76485
-22.0242	-8.48661	-4.74076	-0.46337	-0.499107	-21.9793	-8.57089	-22.0881	-8.49143	-4.22007	2.32043	0.545663
-22.2341	-8.37496	-4.74605	-0.484218	-0.487012	-22.1914	-7.70392	-22.2975	-8.37258	-4.15437	2.43232	1.87328
-22.4609	-8.28471	-4.753	-0.497193	-0.474161	-22.5838	-8.35296	-22.5035	-8.24817	-4.08564	2.5427	1.04779
-22.6547	-8.16147	-4.73989	-0.530509	-0.491789	-22.3177	-8.57758	-22.7061	-8.11829	-4.01391	2.65145	1.0795
-22.8782	-7.94128	-4.81393	-0.589321	-0.525638	-22.9861	-7.6724	-22.9049	-7.98301	-3.93923	2.75848	4.99928
-23.0695	-7.78918	-4.80823	-0.637013	-0.568938	-23.2693	-8.32031	-23.1	-7.84243	-3.86163	2.8637	3.61349
-23.291	-7.62254	-4.84976	-0.667869	-0.569295	-23.4777	-7.56583	-23.2911	-7.69663	-3.78118	2.967	1.99908
-23.49	-7.4838	-4.85613	-0.6778	-0.532991	-23.473	-7.02103	-23.4781	-7.54572	-3.69792	3.06828	1.69616
-23.6577	-7.33722	-4.83338	-0.705297	-0.535213	-23.5408	-7.36069	-23.6609	-7.3898	-3.61191	3.16746	0.740328
-23.8475	-7.179	-4.8418	-0.726123	-0.522665	-24.0505	-6.56968	-23.8393	-7.22897	-3.52321	3.26445	0.892009
-24.0141	-7.07641	-4.78864	-0.734747	-0.507163	-23.9384	-7.26171	-24.0132	-7.06336	-3.43189	3.35916	2.31913
-24.1811	-6.89405	-4.79367	-0.772973	-0.527181	-24.3577	-5.94086	-24.1825	-6.89307	-3.33801	3.45149	1.93614
-24.3361	-6.65409	-4.83426	-0.824905	-0.552037	-24.2574	-6.4352	-24.347	-6.71823	-3.24166	3.54138	3.13966
-24.5032	-6.47769	-4.83446	-0.857461	-0.567913	-24.788	-7.18367	-24.5066	-6.53896	-3.14289	3.62873	3.47445
-24.608	-6.32528	-4.76779	-0.888245	-0.574338	-24.3008	-6.43799	-24.6612	-6.35538	-3.0418	3.71347	5.61304
-24.7489	-6.13411	-4.76596	-0.919986	-0.57787	-24.6108	-6.00878	-24.8107	-6.16764	-2.93846	3.79553	0.326827
-24.9272	-5.93881	-4.79734	-0.940498	-0.567181	-25.146	-5.91902	-24.955	-5.97587	-2.83295	3.87484	2.50547
-25.0576	-5.73445	-4.7992	-0.971252	-0.566426	-24.8975	-5.02285	-25.094	-5.7802	-2.72537	3.95132	1.86519
-25.1915	-5.55934	-4.77842	-0.992688	-0.560475	-25.1941	-5.64372	-25.2276	-5.58079	-2.61581	4.02492	0.409853
-25.3444	-5.37386	-4.78255	-0.999465	-0.522923	-25.5328	-5.4399	-25.3556	-5.37777	-2.50435	4.09557	1.31369
-25.4851	-5.15666	-4.80554	-1.02515	-0.521112	-25.5713	-5.10241	-25.4779	-5.1713	-2.39109	4.16322	0.549858
-25.6179	-4.97576	-4.78977	-1.02962	-0.480966	-25.0178	-6.55904	-25.5946	-4.96152	-2.27613	4.22781	6.47056
-25.7334	-4.79757	-4.75942	-1.04867	-0.477393	-25.6952	-4.89995	-25.7055	-4.7486	-2.15956	4.2893	0.669079
-25.8541	-4.59185	-4.76114	-1.06662	-0.46488	-25.8162	-4.40681	-25.8105	-4.53268	-2.04149	4.34764	0.239401
-25.9633	-4.35683	-4.78383	-1.09639	-0.47058	-25.9516	-4.26659	-25.9096	-4.31392	-1.92202	4.40279	0.471512
-26.0722	-4.13728	-4.78919	-1.13878	-0.517993	-26.8953	-4.43966	-26.0027	-4.0925	-1.80125	4.45471	11.0029
-26.1597	-3.86601	-4.83625	-1.17845	-0.53012	-26.1198	-3.67723	-26.0897	-3.86856	-1.67928	4.50337	2.11384
-26.2335	-3.63127	-4.83867	-1.22853	-0.58012	-26.5652	-3.85723	-26.1706	-3.64227	-1.55623	4.54875	3.56414
-26.262	-3.36621	-4.85054	-1.27977	-0.602571	-25.9974	-3.24722	-26.2453	-3.41381	-1.4322	4.59081	4.51297
-26.3113	-3.12432	-4.85294	-1.32517	-0.631213	-26.2976	-3.01078	-26.3138	-3.18332	-1.30729	4.62954	0.562362
-26.3369	-2.88446	-4.84352	-1.367	-0.64232	-26.1741	-2.87885	-26.376	-2.95098	-1.18162	4.66493	1.39441
-26.3951	-2.65701	-4.83707	-1.39003	-0.628262	-26.4681	-3.44967	-26.4319	-2.71697	-1.05529	4.69696	1.36481
-26.4744	-2.48587	-4.77975	-1.39952	-0.609411	-26.674	-2.73852	-26.4815	-2.48143	-0.928411	4.72562	5.71575
-26.5294	-2.25063	-4.78352	-1.41647	-0.583824	-26.657	-1.72382	-26.5247	-2.24456	-0.80109	4.75091	0.969038
-26.5804	-2.04686	-4.75316	-1.43612	-0.575912	-26.6691	-2.17333	-26.5616	-2.0065	-0.673434	4.77284	1.31585
-26.6113	-1.80923	-4.75371	-1.45598	-0.553656	-26.3248	-1.32261	-26.5921	-1.76744	-0.545553	4.79141	1.98488
-26.6087	-1.56372	-4.75653	-1.49368	-0.563778	-26.4671	-1.53207	-26.6161	-1.52753	-0.417552	4.80664	1.11547
-26.606	-1.33031	-4.75034	-1.53568	-0.590758	-26.4998	-2.19526	-26.6338	-1.28695	-0.289538	4.81852	1.71847
-26.6093	-1.10285	-4.73885	-1.56509	-0.591262	-26.5998	-1.14277	-26.6451	-1.04586	-0.161616	4.8271	0.0930075
-26.6386	-0.874718	-4.73403	-1.58037	-0.572762	-27.2008	-1.67679	-26.65	-0.804425	-0.0338883	4.83238	5.17626
-26.6489	-0.630101	-4.74595	-1.60367	-0.56664	-26.7355	-0.59539	-26.6485	-0.562811	0.0935412	4.83439	0.460648
-26.6361	-0.38921	-4.75385	-1.6413	-0.58936	-26.9891	0.0351487	-26.6406	-0.321181	0.220572	4.83317	2.21974
-26.5901	-0.110072	-4.79977	-1.68109	-0.597543	-26.4553	0.0602653	-26.6264	-0.0796947	0.347104	4.82874	2.57258
-26.5706	0.128082	-4.80242	-1.71037	-0.601882	-26.9537	0.136943	-26.6059	0.161489	0.473041	4.82116	1.75419
-26.5471	0.406667	-4.85083	-1.73571	-0.594443	-26.6201	0.57588	-26.5792	0.402213	0.598287	4.81045	1.86512
-26.5347	0.643771	-4.84493	-1.74511	-0.559308	-26.8241	0.381506	-26.5462	0.642323	0.722748	4.79667	1.76038
-26.5273	0.917037	-4.88548	-1.75882	-0.54263	-26.7293	1.06082	-26.5069	0.881666	0.846334	4.77986	3.29847
-26.4897	1.16953	-4.89288	-1.76645	-0.498046	-25.9562	2.60409	-26.4616	1.12009	0.968955	4.76007	7.29298
-26.4328	1.41137	-4.89625	-1.79353	-0.500107	-26.3986	1.42212	-26.4101	1.35745	1.09053	4.73737	0.067929
-26.394	1.63414	-4.87366	-1.80555	-0.476326	-26.5072	-0.563928	-26.3526	1.59361	1.21096	4.71181	8.20577
-26.3384	1.85502	-4.8557	-1.82878	-0.476486	-26.3594	1.79315	-26.2891	1.82841	1.33018	4.68345	0.235495
-26.2707	2.08605	-4.85429	-1.85664	-0.485199	-26.3475	1.82827	-26.2197	2.06173	1.44811	4.65235	0.210634
-26.2073	2.2915	-4.82288	-1.87987	-0.485369	-26.2502	2.18481	-26.1444	2.29342	1.56467	4.61859	0.727978
-26.1446	2.52127	-4.81688	-1.89055	-0.457422	-26.069	2.27896	-26.0633	2.52336	1.67979	4.58223	0.828066
-26.0661	2.76051	-4.83013	-1.91259	-0.456084	-26.0641	2.80701	-25.9765	2.75141	1.79339	4.54334	0.12029
-25.9714	2.98281	-4.83534	-1.95318	-0.495929	-26.3234	3.02388	-25.8841	2.97746	1.90543	4.502	2.85703
-25.872	3.24876	-4.88526	-1.97616	-0.492292	-25.8345	3.42005	-25.7861	3.20139	2.01582	4.45828	1.7041
-25.7894	3.47656	-4.88674	-1.9956	-0.488438	-26.1824	3.73376	-25.6826	3.42306	2.12452	4.41227	2.15292
-25.6829	3.68511	-4.8735	-2.02251	-0.491478	-25.6666	3.63509	-25.5737	3.64239	2.23146	4.36404	0.15357
-25.5661	3.89419	-4.86778	-2.05308	-0.50156	-25.5773	3.13316	-25.4596	3.85924	2.3366	4.31367	1.10917
-25.4968	4.08695	-4.82891	-2.06552	-0.489969	-25.7492	3.99968	-25.3402	4.07353	2.43989	4.26125	3.77231
-25.3732	4.2914	-4.82496	-2.09429	-0.496528	-25.3516	3.75691	-25.2157	4.28514	2.54127	4.20686	0.612699
-25.2148	4.5041	-4.8442	-2.12993	-0.507	-25.0214	4.52803	-25.0863	4.49399	2.64071	4.15058	1.99677
-25.0641	4.70198	-4.83966	-2.15417	-0.492524	-24.2719	4.30917	-24.9518	4.69998	2.73817	4.09251	8.93892
-24.945	4.89895	-4.82916	-2.17399	-0.487946	-25.0363	4.88499	-24.8126	4.90303	2.83361	4.03273	0.448454
-24.7889	5.09067	-4.83035	-2.2037	-0.491806	-24.3609	4.95947	-24.6686	5.10304	2.92701	3.97132	2.30433
-24.6227	5.29757	-4.85499	-2.23239	-0.495109	-24.5041	5.35293	-24.5201	5.29995	3.01833	3.90839	0.906337
-24.4512	5.47495	-4.86069	-2.27538	-0.52911	-24.4379	5.24592	-24.367	5.49367	3.10754	3.84401	0.958151
-24.2647	5.64756	-4.8642	-2.31214	-0.539719	-24.1159	5.61152	-24.2095	5.68414	3.19464	3.77827	1.23507
-24.0982	5.8114	-4.8568	-2.34792	-0.55874	-24.5638	4.75836	-24.0477	5.8713	3.27959	3.71127	3.22277
-23.924	5.9738	-4.84967	-2.3782	-0.56152	-23.9153	5.94377	-23.8818	6.05508	3.36239	3.64309	0.0550726
-23.7786	6.16344	-4.83118	-2.36995	-0.490462	-23.5491	6.44495	-23.7117	6.23542	3.44302	3.57383	4.74549
-23.6099	6.32137	-4.81934	-2.39469	-0.491232	-23.6471	6.29102	-23.5377	6.41227	3.52148	3.50357	0.124127
-23.4596	6.49981	-4.80709	-2.39754	-0.454036	-23.7544	6.53746	-23.3598	6.58559	3.59775	3.4324	1.90522
-23.2416	6.70429	-4.87369	-2.41977	-0.450727	-23.0099	6.86182	-23.1781	6.75533	3.67185	3.36041	4.20233
-23.0455	6.84872	-4.86368	-2.44461	-0.446224	-22.7862	5.74143	-22.9928	6.92146	3.74376	3.28768	5.55805
-22.8342	7.01587	-4.89174	-2.46947	-0.447845	-22.6991	7.063	-22.804	7.08393	3.8135	3.21431	1.07709
-22.6229	7.15007	-4.8956	-2.50522	-0.468257	-22.418	6.76159	-22.6117	7.24273	3.88106	3.14038	1.50928
-22.4368	7.2982	-4.89085	-2.5241	-0.463657	-22.5083	7.31524	-22.4161	7.39782	3.94647	3.06598	0.283328
-22.2101	7.41973	-4.91267	-2.57356	-0.51371	-22.0543	7.85452	-22.2173	7.54917	4.00974	2.99118	2.61728
-22.0294	7.58241	-4.91823	-2.58269	-0.496012	-22.1947	7.69478	-22.0154	7.69679	4.07087	2.91607	2.146
-21.8459	7.75059	-4.91427	-2.57661	-0.444003	-21.6178	9.0351	-21.8105	7.84064	4.12989	2.84074	5.8273
-21.6385	7.8938	-4.92421	-2.59415	-0.43868	-21.6473	7.94	-21.6026	7.98072	4.18681	2.76526	0.12761
-21.4467	8.03038	-4.91075	-2.60369	-0.418759	-21.8637	7.78661	-21.392	8.11703	4.24166	2.68971	1.63155
-21.2145	8.07883	-4.8711	-2.65295	-0.45022	-21.0853	7.83229	-21.1787	8.24957	4.29447	2.61417	4.38227
-21.022	8.23645	-4.86107	-2.63748	-0.381892	-20.5503	9.28616	-20.9628	8.37833	4.34526	2.53871	6.57131
-20.8423	8.388	-4.85762	-2.63762	-0.361691	-21.0519	8.50983	-20.7444	8.50333	4.39406	2.46341	3.12596
-20.6038	8.49528	-4.88379	-2.6719	-0.391242	-19.9265	9.40847	-20.5237	8.62457	4.4409	2.38835	4.29106
-20.3594	8.62537	-4.92181	-2.68919	-0.387764	-20.21	8.68914	-20.3006	8.74206	4.48582	2.31358	1.40543
-20.1592	8.75944	-4.90546	-2.68153	-0.339294	-20.2277	8.8532	-20.0753	8.85583	4.52884	2.23919	1.94921
-19.9566	8.86544	-4.88853	-2.69553	-0.33654	-20.0633	8.86724	-19.848	8.96589	4.57001	2.16524	0.590732
-19.7545	8.9904	-4.87147	-2.68997	-0.295587	-19.9264	8.78179	-19.6186	9.07227	4.60937	2.09179	1.58913
-19.5292	9.06487	-4.85719	-2.71619	-0.308096	-19.4861	8.96665	-19.3873	9.17499	4.64694	2.01891	0.654007
-19.2917	9.16972	-4.87986	-2.73545	-0.316809	-18.5719	10.2069	-19.1542	9.27409	4.68278	1.94666	4.33532
-19.0119	9.25216	-4.92418	-2.76488	-0.330475	-18.6786	9.19191	-18.9193	9.36959	4.71692	1.8751	5.94756
-18.7932	9.33845	-4.91403	-2.78168	-0.332784	-19.2825	8.98189	-18.6827	9.46154	4.7494	1.80429	1.66948
-18.542	9.4361	-4.94161	-2.79693	-0.330745	-18.4242	9.46852	-18.4446	9.54996	4.78028	1.73429	0.790696
-18.2788	9.46401	-4.9589	-2.85274	-0.395501	-18.1634	8.72444	-18.2049	9.63492	4.80959	1.66514	5.88626
-17.9985	9.58346	-5.0286	-2.85993	-0.380427	-17.7736	9.72478	-17.9639	9.71643	4.83737	1.59691	3.87729
-17.7553	9.67137	-5.02762	-2.86192	-0.347401	-17.2296	9.97767	-17.7214	9.79457	4.86368	1.52964	2.88237
-17.4857	9.77679	-5.07487	-2.8687	-0.334794	-17.3436	9.88109	-17.4777	9.86936	4.88856	1.46338	1.73225
-17.2406	9.84908	-5.08006	-2.88463	-0.335884	-17.1554	10.212	-17.2328	9.94087	4.91205	1.39818	0.517627
-16.9737	9.97097	-5.13024	-2.88166	-0.313371	-16.8876	10.145	-16.9868	10.0091	4.93421	1.33408	2.21523
-16.7218	10.0334	-5.1342	-2.89902	-0.316136	-16.5958	10.1078	-16.7396	10.0743	4.95507	1.27113	0.1106
-16.4732	10.1446	-5.15704	-2.89546	-0.294829	-16.5153	10.3091	-16.4915	10.1362	4.97469	1.20937	1.65977
-16.2198	10.2078	-5.16499	-2.91276	-0.302093	-16.09	10.5824	-16.2424	10.1952	4.99311	1.14883	0.646212
-15.9759	10.2441	-5.14801	-2.93472	-0.309736	-16.006	10.1843	-15.9924	10.2511	5.01039	1.08956	0.263565
-15.7286	10.3084	-5.14323	-2.94048	-0.292916	-15.7234	10.41	-15.7416	10.3041	5.02655	1.03159	0.262519
-15.4952	10.3149	-5.10584	-2.96959	-0.309106	-15.5699	10.1904	-15.4899	10.3543	5.04166	0.974957	1.23704
-15.2086	10.3295	-5.15009	-3.01163	-0.357546	-14.2385	10.9109	-15.2376	10.4016	5.05576	0.919692	8.17805
-14.9472	10.388	-5.16681	-3.01962	-0.346524	-14.9365	10.4722	-14.9846	10.4462	5.06889	0.865828	0.425701
-14.6991	10.4279	-5.13965	-3.01689	-0.301687	-14.724	9.63507	-14.7309	10.4882	5.0811	0.813394	6.40389
-14.4467	10.4023	-5.11762	-3.05307	-0.325191	-14.4088	10.222	-14.4766	10.5276	5.09243	0.762418	1.95008
-14.1865	10.4283	-5.12163	-3.06515	-0.316841	-13.9005	10.5238	-14.2218	10.5645	5.10293	0.712926	0.633968
-13.8939	10.5691	-5.19976	-3.0351	-0.264619	-13.8049	10.9383	-13.9665	10.5989	5.11263	0.664944	8.58222
-13.638	10.632	-5.19086	-3.02065	-0.214624	-13.3956	10.7857	-13.7107	10.631	5.12159	0.618496	2.27078
-13.3808	10.6366	-5.18314	-3.04115	-0.225456	-13.3556	10.5517	-13.4545	10.6608	5.12983	0.573603	0.443697
-13.1184	10.6622	-5.18962	-3.05317	-0.227576	-12.9374	10.8137	-13.1979	10.6884	5.13741	0.530288	0.245358
-12.8629	10.7565	-5.20646	-3.03649	-0.196796	-12.9591	11.0099	-12.9409	10.7138	5.14436	0.48857	4.09686
-12.5995	10.8071	-5.21327	-3.03287	-0.175791	-12.2518	11.2495	-12.6836	10.7373	5.15071	0.448467	1.51963
-12.3539	10.7812	-5.18443	-3.06128	-0.197208	-12.3713	10.6091	-12.426	10.7587	5.15651	0.409997	1.74604
-12.0952	10.821	-5.18194	-3.0565	-0.170895	-11.9352	10.9161	-12.1681	10.7783	5.16179	0.373177	0.692125
-11.8462	10.8853	-5.18307	-3.04835	-0.152824	-11.9451	11.0515	-11.91	10.7961	5.16658	0.338022	2.02214
-11.5717	10.9051	-5.20033	-3.0577	-0.154428	-10.9703	10.9676	-11.6516	10.8121	5.17092	0.304546	2.72346
-11.3349	10.9238	-5.17537	-3.0655	-0.15453	-11.4548	10.9407	-11.393	10.8265	5.17484	0.272761	0.768354
-11.0717	10.8554	-5.19097	-3.1355	-0.265848	-11.3472	10.5111	-11.1342	10.8394	5.17836	0.242681	9.78423
-10.7849	10.8259	-5.21484	-3.16044	-0.278239	-10.6009	10.6823	-10.8753	10.8509	5.18153	0.214317	2.83531
-10.5285	10.8224	-5.21031	3.11069	-0.275395	-10.6563	10.8369	-10.6161	10.8609	5.18435	0.187679	0.151482
-10.2897	10.8201	-5.18794	3.09998	-0.272304	-10.4142	10.8747	-10.3569	10.8697	5.18687	0.162776	0.957894
-10.0362	10.8784	-5.16619	3.13554	-0.185172	-9.90413	11.2255	-10.0976	10.8772	5.1891	0.139618	6.65654
-9.77791	10.9223	-5.17445	3.14405	-0.165554	-9.83445	11.1032	-9.83809	10.8837	5.19106	0.118212	1.97103
-9.53836	10.9088	-5.14848	3.13312	-0.165192	-10.195	10.3498	-9.57852	10.8891	5.19278	0.0985664	4.09191
-9.28009	10.9318	-5.15387	3.13475	-0.154402	-9.3066	11.0348	-9.31887	10.8936	5.19428	0.0806865	0.621369
-9.02857	10.9163	-5.14071	3.12657	-0.148404	-9.2226	10.3527	-9.05915	10.8972	5.19557	0.0645787	2.74876
-8.76826	10.9436	-5.14945	3.13122	-0.135347	-8.78899	11.0707	-8.79937	10.9001	5.19667	0.050248	0.91428
-8.52116	10.9055	-5.13176	3.11263	-0.146234	-8.83914	10.0319	-8.53953	10.9023	5.19759	0.0376992	6.57289
-8.33441	10.835	-5.04437	3.08187	-0.171368	-8.62045	10.6577	-8.27965	10.9039	5.19835	0.0269359	6.40772
-8.07911	10.8509	-5.04401	3.09353	-0.137254	-7.91543	11.1157	-8.01974	10.905	5.19896	0.0179617	1.42245
-7.76862	10.8822	-5.11622	3.10388	-0.118584	-7.51971	11.0005	-7.75979	10.9057	5.19942	0.0107791	4.25797
-7.50535	10.8841	-5.11811	3.11216	-0.089024	-7.25987	10.6458	-7.49981	10.9061	5.19975	0.00539029	2.09962
-7.23598	10.8676	-5.13287	3.10474	-0.0922511	-7.15631	10.815	-7.23983	10.9063	5.19994	0.00179692	0.473278
-6.9915	10.9043	-5.11125	3.13357	-0.0321161	-7.39396	11.0181	-6.97983	10.9064	5.2	-7.84874e-015	4.04522
